Legendre pairs for ell = 19
Total pairs found: 10

Pair 1:
  a = (1, -1, 1, 1, -1, -1, -1, -1, 1, -1, 1, -1, 1, 1, 1, 1, -1, -1, 1)
  b = (1, -1, 1, 1, -1, -1, -1, -1, 1, -1, 1, -1, 1, 1, 1, 1, -1, -1, 1)
  s : C_a(s) + C_b(s)
   1 :  -2
   2 :  -2
   3 :  -2
   4 :  -2
   5 :  -2
   6 :  -2
   7 :  -2
   8 :  -2
   9 :  -2
  10 :  -2
  11 :  -2
  12 :  -2
  13 :  -2
  14 :  -2
  15 :  -2
  16 :  -2
  17 :  -2
  18 :  -2

Pair 2:
  a = (1, -1, 1, 1, -1, -1, -1, -1, 1, -1, 1, -1, 1, 1, 1, 1, -1, -1, 1)
  b = (-1, 1, -1, -1, 1, 1, 1, 1, -1, 1, -1, 1, -1, -1, -1, -1, 1, 1, -1)
  s : C_a(s) + C_b(s)
   1 :  -2
   2 :  -2
   3 :  -2
   4 :  -2
   5 :  -2
   6 :  -2
   7 :  -2
   8 :  -2
   9 :  -2
  10 :  -2
  11 :  -2
  12 :  -2
  13 :  -2
  14 :  -2
  15 :  -2
  16 :  -2
  17 :  -2
  18 :  -2

Pair 3:
  a = (1, -1, 1, 1, -1, -1, -1, -1, 1, -1, 1, -1, 1, 1, 1, 1, -1, -1, 1)
  b = (1, 1, -1, -1, 1, 1, 1, 1, -1, 1, -1, 1, -1, -1, -1, -1, 1, 1, -1)
  s : C_a(s) + C_b(s)
   1 :  -2
   2 :  -2
   3 :  -2
   4 :  -2
   5 :  -2
   6 :  -2
   7 :  -2
   8 :  -2
   9 :  -2
  10 :  -2
  11 :  -2
  12 :  -2
  13 :  -2
  14 :  -2
  15 :  -2
  16 :  -2
  17 :  -2
  18 :  -2

Pair 4:
  a = (1, -1, 1, 1, -1, -1, -1, -1, 1, -1, 1, -1, 1, 1, 1, 1, -1, -1, 1)
  b = (-1, -1, 1, 1, -1, -1, -1, -1, 1, -1, 1, -1, 1, 1, 1, 1, -1, -1, 1)
  s : C_a(s) + C_b(s)
   1 :  -2
   2 :  -2
   3 :  -2
   4 :  -2
   5 :  -2
   6 :  -2
   7 :  -2
   8 :  -2
   9 :  -2
  10 :  -2
  11 :  -2
  12 :  -2
  13 :  -2
  14 :  -2
  15 :  -2
  16 :  -2
  17 :  -2
  18 :  -2

Pair 5:
  a = (-1, 1, -1, -1, 1, 1, 1, 1, -1, 1, -1, 1, -1, -1, -1, -1, 1, 1, -1)
  b = (-1, 1, -1, -1, 1, 1, 1, 1, -1, 1, -1, 1, -1, -1, -1, -1, 1, 1, -1)
  s : C_a(s) + C_b(s)
   1 :  -2
   2 :  -2
   3 :  -2
   4 :  -2
   5 :  -2
   6 :  -2
   7 :  -2
   8 :  -2
   9 :  -2
  10 :  -2
  11 :  -2
  12 :  -2
  13 :  -2
  14 :  -2
  15 :  -2
  16 :  -2
  17 :  -2
  18 :  -2

Pair 6:
  a = (-1, 1, -1, -1, 1, 1, 1, 1, -1, 1, -1, 1, -1, -1, -1, -1, 1, 1, -1)
  b = (1, 1, -1, -1, 1, 1, 1, 1, -1, 1, -1, 1, -1, -1, -1, -1, 1, 1, -1)
  s : C_a(s) + C_b(s)
   1 :  -2
   2 :  -2
   3 :  -2
   4 :  -2
   5 :  -2
   6 :  -2
   7 :  -2
   8 :  -2
   9 :  -2
  10 :  -2
  11 :  -2
  12 :  -2
  13 :  -2
  14 :  -2
  15 :  -2
  16 :  -2
  17 :  -2
  18 :  -2

Pair 7:
  a = (-1, 1, -1, -1, 1, 1, 1, 1, -1, 1, -1, 1, -1, -1, -1, -1, 1, 1, -1)
  b = (-1, -1, 1, 1, -1, -1, -1, -1, 1, -1, 1, -1, 1, 1, 1, 1, -1, -1, 1)
  s : C_a(s) + C_b(s)
   1 :  -2
   2 :  -2
   3 :  -2
   4 :  -2
   5 :  -2
   6 :  -2
   7 :  -2
   8 :  -2
   9 :  -2
  10 :  -2
  11 :  -2
  12 :  -2
  13 :  -2
  14 :  -2
  15 :  -2
  16 :  -2
  17 :  -2
  18 :  -2

Pair 8:
  a = (1, 1, -1, -1, 1, 1, 1, 1, -1, 1, -1, 1, -1, -1, -1, -1, 1, 1, -1)
  b = (1, 1, -1, -1, 1, 1, 1, 1, -1, 1, -1, 1, -1, -1, -1, -1, 1, 1, -1)
  s : C_a(s) + C_b(s)
   1 :  -2
   2 :  -2
   3 :  -2
   4 :  -2
   5 :  -2
   6 :  -2
   7 :  -2
   8 :  -2
   9 :  -2
  10 :  -2
  11 :  -2
  12 :  -2
  13 :  -2
  14 :  -2
  15 :  -2
  16 :  -2
  17 :  -2
  18 :  -2

Pair 9:
  a = (1, 1, -1, -1, 1, 1, 1, 1, -1, 1, -1, 1, -1, -1, -1, -1, 1, 1, -1)
  b = (-1, -1, 1, 1, -1, -1, -1, -1, 1, -1, 1, -1, 1, 1, 1, 1, -1, -1, 1)
  s : C_a(s) + C_b(s)
   1 :  -2
   2 :  -2
   3 :  -2
   4 :  -2
   5 :  -2
   6 :  -2
   7 :  -2
   8 :  -2
   9 :  -2
  10 :  -2
  11 :  -2
  12 :  -2
  13 :  -2
  14 :  -2
  15 :  -2
  16 :  -2
  17 :  -2
  18 :  -2

Pair 10:
  a = (-1, -1, 1, 1, -1, -1, -1, -1, 1, -1, 1, -1, 1, 1, 1, 1, -1, -1, 1)
  b = (-1, -1, 1, 1, -1, -1, -1, -1, 1, -1, 1, -1, 1, 1, 1, 1, -1, -1, 1)
  s : C_a(s) + C_b(s)
   1 :  -2
   2 :  -2
   3 :  -2
   4 :  -2
   5 :  -2
   6 :  -2
   7 :  -2
   8 :  -2
   9 :  -2
  10 :  -2
  11 :  -2
  12 :  -2
  13 :  -2
  14 :  -2
  15 :  -2
  16 :  -2
  17 :  -2
  18 :  -2

